0
70
3 0
5 101
8 6191
14 6196
18 6197
19 6198
24 6199
25 6200
28 6832
31 11604
33 12839
39 12905
42 12916
46 14040
50 14047
53 14048
55 14151
57 14287
59 14395
62 14411
66 14870
71 14871
72 14872
77 14873
78 14874
82 14889
86 14932
89 15022
92 15431
97 15543
104 15596
110 15612
115 15613
122 15652
127 15899
132 16344
138 16409
144 16410
149 16770
154 16811
161 17935
167 18091
171 18228
177 18229
180 18230
185 18231
191 18232
192 18233
196 18239
202 18253
207 18285
211 18287
215 18296
221 18349
227 18355
232 18357
238 18463
246 18464
253 18519
258 18546
263 18573
267 18627
273 19355
278 20791
283 20802
289 20803
290 20804
295 20810
300 20811
305 21082
